1 0.068584 0.389694 0.045723 0.100278
1 0.129056 0.441839 0.045723 0.092256
1 0.172566 0.341560 0.041298 0.084234
1 0.238938 0.309471 0.041298 0.076211
1 0.225664 0.461894 0.038348 0.076211
1 0.280236 0.369638 0.041298 0.076211
1 0.329646 0.439833 0.051622 0.096267
1 0.345870 0.287410 0.042773 0.096267
1 0.385693 0.363622 0.051622 0.088245
1 0.435841 0.455878 0.051622 0.088245
1 0.526549 0.469917 0.053097 0.100278
1 0.564897 0.365627 0.038348 0.092256
1 0.639381 0.415766 0.051622 0.104289
0 0.634956 0.668467 0.098820 0.320890
0 0.533186 0.726629 0.089971 0.332924
0 0.439528 0.734651 0.079646 0.348968
0 0.330383 0.704568 0.088496 0.328913
0 0.223451 0.722618 0.092920 0.316879
0 0.120206 0.744679 0.089971 0.369024