1 0.219764 0.183382 0.079646 0.086529
1 0.380531 0.243363 0.088496 0.084562
1 0.501475 0.242380 0.103245 0.078663
1 0.614307 0.246313 0.092920 0.078663
1 0.743363 0.266962 0.088496 0.068830
2 0.763274 0.927729 0.143068 0.096362
2 0.682153 0.930678 0.066372 0.102262
2 0.591445 0.933628 0.079646 0.080629
2 0.531711 0.954277 0.072271 0.090462
2 0.452065 0.964356 0.060472 0.071288
0 0.226401 0.488201 0.187316 0.405113
0 0.371681 0.508850 0.138643 0.320551
0 0.485251 0.488201 0.126844 0.287119
0 0.615044 0.466568 0.132743 0.302852
0 0.743363 0.482301 0.156342 0.287119