1 0.165929 0.237729 0.069322 0.073037
1 0.250737 0.244369 0.067847 0.081890
1 0.359145 0.252116 0.072271 0.084104
1 0.441740 0.252116 0.066372 0.075251
1 0.570796 0.194571 0.082596 0.110663
1 0.666667 0.139240 0.079646 0.088530
1 0.841445 0.274248 0.072271 0.084104
0 0.671829 0.442455 0.137168 0.314282
0 0.849558 0.471228 0.120944 0.216899
0 0.452065 0.433602 0.095870 0.225752
0 0.367994 0.449095 0.081121 0.221325
0 0.262537 0.422536 0.097345 0.199193
3 0.167404 0.818709 0.089971 0.061971
3 0.263274 0.807642 0.078171 0.079677
3 0.361357 0.817602 0.091445 0.099596
3 0.440265 0.797683 0.054572 0.081890
3 0.553835 0.943757 0.084071 0.090743