1 0.396018 0.226085 0.057522 0.095371
1 0.449115 0.216104 0.054572 0.066538
1 0.551622 0.298168 0.053097 0.057666
1 0.657080 0.287078 0.057522 0.035487
1 0.742625 0.267117 0.042773 0.053230
1 0.813422 0.277098 0.057522 0.073192
1 0.648230 0.519961 0.063422 0.075410
1 0.501475 0.559884 0.079646 0.097589
1 0.762537 0.515526 0.058997 0.053230
0 0.904130 0.507763 0.132743 0.263934
0 0.657817 0.463404 0.120944 0.237319
0 0.387168 0.437898 0.122419 0.261716
3 0.912242 0.910318 0.030973 0.084282
3 0.789823 0.923625 0.036873 0.075410